-99.072098,19.4363,8.5705556,50.0333333,0.0,15.137103166585531
121.019997,14.5086,106.6559982,-6.12556982,0.0,3.363098338285089
-104.6729965,39.86169815,121.8050003,31.14340019,0.0,11.884609015334348
139.779999,35.552299,-93.22180176,44.88199997,0.0,19.129518349251295
121.019997,14.5086,72.86789703,19.08869934,0.0,5.510321250333261
28.81459999,40.97689819,102.9291667,25.1019444,0.0,11.331686832044145
51.608056,25.273056,103.9469986,30.57850075,0.0,5.151230717160524
-80.29060364,25.79319954,106.6559982,-6.12556982,0.0,25.92403145112746
-87.90480042,41.97859955,-104.6729965,39.86169815,0.0,1.7582655596035393
8.5705556,50.0333333,72.86789703,19.08869934,0.0,10.34421264761053
101.7099991,2.745579958,116.5849991,40.08010101,0.0,5.336471178090972
121.3359985,31.19790077,55.36439896,25.25279999,0.0,8.537608439510983
113.2990036,23.39240074,8.5705556,50.0333333,0.0,9.27927649341876
55.36439896,25.25279999,-115.1520004,36.08010101,0.0,14.170876728691143
103.994003,1.35019,-99.072098,19.4363,0.0,17.581256718363502
-0.190277994,51.14810181,-73.77890015,40.63980103,0.0,10.312019065022687
151.177002,-33.94609833,-87.90480042,41.97859955,0.0,18.079630642416056
77.10310364,28.56649971,-80.94309998,35.2140007,0.0,24.24292208306955
-0.461941,51.4706,-87.90480042,41.97859955,0.0,6.940312361618049
-87.90480042,41.97859955,72.86789703,19.08869934,0.0,16.721165918294993
77.10310364,28.56649971,-115.1520004,36.08010101,0.0,21.401583876476373
-87.90480042,41.97859955,-115.1520004,36.08010101,0.0,2.901641786428832
121.019997,14.5086,113.810997,22.63929939,0.0,1.7460932255891424
-95.34140015,29.9843998,-97.03800201,32.89680099,0.0,0.5325526001440957
-84.42810059,33.63669968,-0.461941,51.4706,0.0,8.366879419722503
-115.1520004,36.08010101,51.608056,25.273056,0.0,14.74814041556357
4.76388979,52.30860138,116.5849991,40.08010101,0.0,14.87970226180082
2.078459978,41.29710007,-87.90480042,41.97859955,0.0,10.796583781288223
-74.16870117,40.69250107,28.81459999,40.97689819,0.0,10.27100485197406
151.177002,-33.94609833,106.6559982,-6.12556982,0.0,5.642797552674422
113.810997,22.63929939,-93.22180176,44.88199997,0.0,15.775641154856627
51.608056,25.273056,-74.16870117,40.69250107,0.0,12.531197922343026
-74.16870117,40.69250107,12.2388889,41.8002778,0.0,7.838405749120101
-95.34140015,29.9843998,121.019997,14.5086,0.0,25.450160086939363
139.779999,35.552299,-104.6729965,39.86169815,0.0,12.29928813172672
12.2388889,41.8002778,-112.012001,33.43429947,0.0,15.042601967885737
4.76388979,52.30860138,121.8050003,31.14340019,0.0,14.394222362104221
113.2990036,23.39240074,8.5705556,50.0333333,0.0,11.190392992063318
-81.30899811,28.42939949,72.86789703,19.08869934,0.0,24.30116873543397
28.81459999,40.97689819,2.078459978,41.29710007,0.0,4.29730306423744
-95.34140015,29.9843998,-115.1520004,36.08010101,0.0,3.3436026830763437
28.81459999,40.97689819,51.608056,25.273056,0.0,3.673901680241823
-73.77890015,40.63980103,-79.63059998,43.67720032,0.0,1.004381935506032
-115.1520004,36.08010101,139.779999,35.552299,0.0,11.540347675123385
151.177002,-33.94609833,-0.190277994,51.14810181,0.0,22.24934715940795
116.5849991,40.08010101,100.7470016,13.68109989,0.0,4.246983317091635
-84.42810059,33.63669968,51.608056,25.273056,0.0,14.06615195297769
113.810997,22.63929939,12.2388889,41.8002778,0.0,9.27787657784633
139.779999,35.552299,101.7099991,2.745579958,0.0,7.961390772160927
2.078459978,41.29710007,113.9150009,22.30890083,0.0,15.789819229353565
-118.4079971,33.94250107,4.76388979,52.30860138,0.0,11.768094326450079
11.78610039,48.35380173,140.3860016,35.76470184,0.0,10.29313704171757
51.608056,25.273056,-84.42810059,33.63669968,0.0,12.179229130017267
121.3359985,31.19790077,4.76388979,52.30860138,0.0,10.724945195779444
55.36439896,25.25279999,11.78610039,48.35380173,0.0,5.911645784202068
-95.34140015,29.9843998,103.9469986,30.57850075,0.0,20.437632037893223
126.4509964,37.46910095,-0.461941,51.4706,0.0,11.258965905801151
4.76388979,52.30860138,-122.375,37.61899948,0.0,8.802703566418737
121.019997,14.5086,-93.22180176,44.88199997,0.0,15.900418845997093
140.3860016,35.76470184,103.994003,1.35019,0.0,7.0584021021077215
4.76388979,52.30860138,113.2990036,23.39240074,0.0,10.689247377338393
100.7470016,13.68109989,-122.375,37.61899948,0.0,15.398489455498487
-81.30899811,28.42939949,-0.461941,51.4706,0.0,8.630745059403882
77.10310364,28.56649971,-0.190277994,51.14810181,0.0,8.055794486317232
72.86789703,19.08869934,126.4509964,37.46910095,0.0,6.003939908857464
-81.30899811,28.42939949,-74.16870117,40.69250107,0.0,2.313643390478422
106.6559982,-6.12556982,12.2388889,41.8002778,0.0,16.758680195798732
121.8050003,31.14340019,126.4509964,37.46910095,0.0,1.0722107041238986
139.779999,35.552299,100.7470016,13.68109989,0.0,5.354924983805432
-97.03800201,32.89680099,113.9150009,22.30890083,0.0,21.052052407286787
121.233002,25.0777,-93.22180176,44.88199997,0.0,13.21771588114979
103.994003,1.35019,-104.6729965,39.86169815,0.0,16.15066872290789
126.4509964,37.46910095,100.7470016,13.68109989,0.0,5.475374063159393
-97.03800201,32.89680099,-112.012001,33.43429947,0.0,1.6813010953907543
121.019997,14.5086,140.3860016,35.76470184,0.0,4.161861555422845
51.608056,25.273056,-93.22180176,44.88199997,0.0,20.793712717376703
28.81459999,40.97689819,103.994003,1.35019,0.0,12.192483171176143
140.3860016,35.76470184,-99.072098,19.4363,0.0,15.084704143063304
55.36439896,25.25279999,-122.3089981,47.44900131,0.0,12.476022403316886
55.36439896,25.25279999,151.177002,-33.94609833,0.0,13.685568273425032
113.2990036,23.39240074,-118.4079971,33.94250107,0.0,17.57609300741418
121.8050003,31.14340019,-87.90480042,41.97859955,0.0,11.344772755417914
113.9150009,22.30890083,72.86789703,19.08869934,0.0,5.103580270006055
116.5849991,40.08010101,100.7470016,13.68109989,0.0,5.708939708517327
139.779999,35.552299,-95.34140015,29.9843998,0.0,13.696759598589198
55.36439896,25.25279999,-0.190277994,51.14810181,0.0,9.720887627828636
121.233002,25.0777,113.9150009,22.30890083,0.0,0.8116964989807381
103.9469986,30.57850075,-74.16870117,40.69250107,0.0,18.369539514147274
-74.16870117,40.69250107,-122.375,37.61899948,0.0,6.220849604323655
-80.29060364,25.79319954,140.3860016,35.76470184,0.0,15.865308099769361
101.7099991,2.745579958,100.7470016,13.68109989,0.0,2.2110699743098037
12.2388889,41.8002778,-0.461941,51.4706,0.0,2.688673586025314
103.994003,1.35019,-81.30899811,28.42939949,0.0,18.526131150865684
-122.375,37.61899948,-112.012001,33.43429947,0.0,1.7232099225235158
121.3359985,31.19790077,116.5849991,40.08010101,0.0,1.4847366076944826
-73.77890015,40.63980103,-84.42810059,33.63669968,0.0,1.2945282194175525
113.2990036,23.39240074,-122.3089981,47.44900131,0.0,18.66444204192756
-104.6729965,39.86169815,-115.1520004,36.08010101,0.0,1.7282809231098772
103.994003,1.35019,-112.012001,33.43429947,0.0,14.990213343652915
100.7470016,13.68109989,116.5849991,40.08010101,0.0,3.939304003145566
-97.03800201,32.89680099,-112.012001,33.43429947,8.5326,10.58532254503525
113.9150009,22.30890083,113.810997,22.63929939,8.8117,8.850229155546957
-79.63059998,43.67720032,12.2388889,41.8002778,9.0044,21.09533887095291
126.4509964,37.46910095,-112.012001,33.43429947,9.0722,22.212722430367734
-84.42810059,33.63669968,-79.63059998,43.67720032,9.2945,10.556173484808435
116.5849991,40.08010101,121.3359985,31.19790077,9.4847,10.969436607694483
-112.012001,33.43429947,-95.34140015,29.9843998,9.6813,11.636532531817796
-115.1520004,36.08010101,-79.63059998,43.67720032,9.7283,15.071038921198372
113.810997,22.63929939,-81.30899811,28.42939949,9.7461,30.61728789892669
100.7470016,13.68109989,103.9469986,30.57850075,10.2111,13.66616307949564
-74.16870117,40.69250107,-95.34140015,29.9843998,10.3136,13.75990445780607
-0.461941,51.4706,101.7099991,2.745579958,10.6887,30.43725965139815
106.6559982,-6.12556982,-81.30899811,28.42939949,11.3631,32.34766556515556
51.608056,25.273056,-79.63059998,43.67720032,11.6739,26.294894786671968
-104.6729965,39.86169815,113.810997,22.63929939,11.7583,26.555622971039597
140.3860016,35.76470184,-97.03800201,32.89680099,12.1619,26.24358298202624
2.078459978,41.29710007,-0.461941,51.4706,12.2973,14.508586391629054
72.86789703,19.08869934,113.810997,22.63929939,13.1036,18.19233907243636
103.9469986,30.57850075,151.177002,-33.94609833,13.1512,21.90459078167966
116.5849991,40.08010101,-0.461941,51.4706,13.4847,23.16748349666045
-112.012001,33.43429947,100.7470016,13.68109989,13.6813,36.29918488950308
-115.1520004,36.08010101,-79.63059998,43.67720032,13.7283,17.451640727899584
11.78610039,48.35380173,55.36439896,25.25279999,13.9116,19.82324578420207
126.4509964,37.46910095,-99.072098,19.4363,14.0039,27.09407466406647
100.7470016,13.68109989,-0.461941,51.4706,14.2111,26.474250074292804
-122.375,37.61899948,101.7099991,2.745579958,14.2208,34.81613275448254
-87.90480042,41.97859955,11.78610039,48.35380173,14.9403,22.893476544739464
103.994003,1.35019,51.608056,25.273056,15.0584,23.235418478837367
106.6559982,-6.12556982,126.4509964,37.46910095,15.3631,20.745584761023572
12.2388889,41.8002778,4.76388979,52.30860138,15.8384,17.31366555303695
101.7099991,2.745579958,72.86789703,19.08869934,15.9614,21.354549612834486
-0.190277994,51.14810181,55.36439896,25.25279999,16.0558,22.61798193581238
-0.461941,51.4706,-79.63059998,43.67720032,16.3669,23.429745159462893
55.36439896,25.25279999,-115.1520004,36.08010101,16.5376,34.03390913435733
113.810997,22.63929939,-118.4079971,33.94250107,16.8502,28.57646753695112
72.86789703,19.08869934,103.994003,1.35019,17.1036,21.311354769833695
8.5705556,50.0333333,140.3860016,35.76470184,17.2793,26.915280081068154
116.5849991,40.08010101,2.078459978,41.29710007,17.4847,28.140183814789644
-115.1520004,36.08010101,121.019997,14.5086,17.7283,37.9470854420881
100.7470016,13.68109989,28.81459999,40.97689819,18.2111,26.96940258012002
-122.375,37.61899948,103.994003,1.35019,18.2208,31.828894816547027
140.3860016,35.76470184,-115.1520004,36.08010101,18.2931,28.01983000093614
-73.77890015,40.63980103,100.7470016,13.68109989,18.312,44.14139569338795
-79.63059998,43.67720032,140.3860016,35.76470184,18.5562,29.46626431069563
-112.012001,33.43429947,151.177002,-33.94609833,18.5853,37.079868192653215
113.2990036,23.39240074,-122.3089981,47.44900131,18.6892,30.82654476644646
4.76388979,52.30860138,101.7099991,2.745579958,18.7249,31.087395732893263
-87.90480042,41.97859955,116.5849991,40.08010101,18.9403,35.01628836025337
121.3359985,31.19790077,126.4509964,37.46910095,18.9695,20.128617718189073
102.9291667,25.1019444,-95.34140015,29.9843998,19.3317,41.568666938085485
139.779999,35.552299,-95.34140015,29.9843998,19.5403,33.43222068095251
-95.34140015,29.9843998,51.608056,25.273056,19.6365,35.235915755248136
12.2388889,41.8002778,113.810997,22.63929939,19.8384,29.116276577846328
121.8050003,31.14340019,103.994003,1.35019,19.8846,24.080522197380528
-0.190277994,51.14810181,121.3359985,31.19790077,20.0558,36.437005056438124
-84.42810059,33.63669968,126.4509964,37.46910095,20.1792,31.852550712585725
103.994003,1.35019,121.8050003,31.14340019,20.1925,25.545103984562783
28.81459999,40.97689819,55.36439896,25.25279999,20.271,24.098249941055602
-0.461941,51.4706,103.9469986,30.57850075,20.3669,30.65392384968287
-122.3089981,47.44900131,-99.072098,19.4363,20.476,24.405633425005657
-74.16870117,40.69250107,11.78610039,48.35380173,20.5312,28.08363693722792
72.86789703,19.08869934,12.2388889,41.8002778,21.1036,30.857077462672002
-93.22180176,44.88199997,-80.29060364,25.79319954,21.2177,24.000161168706207
8.5705556,50.0333333,2.549999952,49.01279831,21.2793,21.83634865715087
103.9469986,30.57850075,2.549999952,49.01279831,21.6661,36.61049297053614
151.177002,-33.94609833,-87.90480042,41.97859955,21.6856,38.57361862280227
51.608056,25.273056,8.5705556,50.0333333,22.0662,27.45036855094491
-115.1520004,36.08010101,100.7470016,13.68109989,22.1709,36.55464418062532
100.7470016,13.68109989,103.9469986,30.57850075,22.2111,25.057659432659094
-104.6729965,39.86169815,140.3860016,35.76470184,22.2993,34.526039763516856
4.76388979,52.30860138,-112.012001,33.43429947,22.7249,34.13663442785963
116.5849991,40.08010101,-93.22180176,44.88199997,22.8797,42.09943345432387
-87.90480042,41.97859955,113.9150009,22.30890083,22.9403,35.47476830007997
-112.012001,33.43429947,28.81459999,40.97689819,22.9902,34.08673111008115
-79.63059998,43.67720032,-115.1520004,36.08010101,23.071,28.413738921198373
-99.072098,19.4363,12.2388889,41.8002778,23.0847,36.786768360105086
-122.375,37.61899948,121.3359985,31.19790077,23.3985,35.360385291672266
-95.34140015,29.9843998,-0.190277994,51.14810181,23.6365,33.59069021783383
113.9150009,22.30890083,121.233002,25.0777,23.7898,25.055129079258826
140.3860016,35.76470184,-80.94309998,35.2140007,23.8653,38.52126774124463
121.8050003,31.14340019,151.177002,-33.94609833,23.8846,36.5906132245437
-0.461941,51.4706,101.7099991,2.745579958,24.3669,37.8420925448549
12.2388889,41.8002778,4.76388979,52.30860138,24.7587,26.766065976965145
72.86789703,19.08869934,113.810997,22.63929939,25.1036,30.606538764378854
-93.22180176,44.88199997,-80.29060364,25.79319954,25.2177,28.390874219954977
8.5705556,50.0333333,102.9291667,25.1019444,25.2793,38.263320128186756
-118.4079971,33.94250107,-87.90480042,41.97859955,25.5761,29.815103258269755
51.608056,25.273056,-0.461941,51.4706,26.0662,31.988474267023427
113.810997,22.63929939,-122.3089981,47.44900131,26.1923,38.63839017395283
100.7470016,13.68109989,-95.34140015,29.9843998,26.2111,51.791126330545026
-74.16870117,40.69250107,-118.4079971,33.94250107,26.3695,32.358589188456364
-81.30899811,28.42939949,-112.012001,33.43429947,26.5261,29.829264667878807
-122.3089981,47.44900131,116.5849991,40.08010101,26.6644,42.27361535181137
4.76388979,52.30860138,12.2388889,41.8002778,26.7249,28.200165553036953
-87.90480042,41.97859955,140.3860016,35.76470184,26.9403,39.195165131376974
-112.012001,33.43429947,102.9291667,25.1019444,26.9902,46.03259570834301
-79.63059998,43.67720032,-84.42810059,33.63669968,27.071,28.492264641598048
-99.072098,19.4363,106.6559982,-6.12556982,27.0847,44.94858798183927
-104.6729965,39.86169815,-84.42810059,33.63669968,27.2993,29.43277196756607
-95.34140015,29.9843998,2.549999952,49.01279831,27.6365,39.996312995857366
55.36439896,25.25279999,-104.6729965,39.86169815,27.8233,43.99440371882457
126.4509964,37.46910095,-0.190277994,51.14810181,28.1286,40.37133099519002
-0.461941,51.4706,126.4509964,37.46910095,28.3669,45.43974425407612
103.9469986,30.57850075,28.81459999,40.97689819,28.4376,38.93940378282356
113.9150009,22.30890083,-99.072098,19.4363,29.0521,51.875158946042816
12.2388889,41.8002778,121.233002,25.0777,29.0953,45.48954896812792
-93.22180176,44.88199997,4.76388979,52.30860138,29.2177,37.679178936143984
103.994003,1.35019,151.177002,-33.94609833,29.3113,36.0635959537029
72.86789703,19.08869934,121.8050003,31.14340019,29.3545,36.88927338456123
-115.1520004,36.08010101,103.9469986,30.57850075,29.4016,48.852200303189164
2.549999952,49.01279831,102.9291667,25.1019444,29.8363,40.55360698354971
151.177002,-33.94609833,103.9469986,30.57850075,29.9046,38.65799078167966
-0.190277994,51.14810181,-3.56264,40.471926,30.2493,31.83775572259699
11.78610039,48.35380173,55.36439896,25.25279999,30.8935,35.88670628599999
-112.012001,33.43429947,-3.56264,40.471926,30.9902,42.73008943583514
51.608056,25.273056,103.994003,1.35019,31.2354,39.41241847883737
-79.63059998,43.67720032,-73.77890015,40.63980103,31.4297,32.15812551263185
55.36439896,25.25279999,-97.03800201,32.89680099,31.8233,47.313428384054504
-80.29060364,25.79319954,106.6559982,-6.12556982,32.0002,52.37547443166865
126.4509964,37.46910095,113.2990036,23.39240074,32.1286,34.17909312259028
-80.94309998,35.2140007,11.78610039,48.35380173,32.2429,46.432690872974305
-0.461941,51.4706,-84.42810059,33.63669968,32.3669,40.39592443127765
-99.072098,19.4363,-84.42810059,33.63669968,32.4057,34.64763659827253
121.233002,25.0777,100.7470016,13.68109989,33.0551,36.96292578925629
103.9469986,30.57850075,2.078459978,41.29710007,33.0576,46.05262553091194
-93.22180176,44.88199997,-0.190277994,51.14810181,33.2177,46.12240103868458
103.994003,1.35019,-3.56264,40.471926,33.3113,45.860093761041824
72.86789703,19.08869934,-79.63059998,43.67720032,33.3545,54.968768658371935
121.019997,14.5086,2.078459978,41.29710007,33.4502,54.235102309556254
121.8050003,31.14340019,-122.375,37.61899948,33.5451,47.43671998324717
106.6559982,-6.12556982,-74.16870117,40.69250107,33.924,57.59861874321945
-97.03800201,32.89680099,102.9291667,25.1019444,34.2435,52.28900293597681
113.810997,22.63929939,12.2388889,41.8002778,34.5556,45.961324966846846
4.76388979,52.30860138,-0.190277994,51.14810181,34.766,35.33052663796845
140.3860016,35.76470184,-0.461941,51.4706,34.9153,44.782647934375476
-79.63059998,43.67720032,116.5849991,40.08010101,35.4297,49.62359374624528
8.5705556,50.0333333,-112.012001,33.43429947,35.4503,46.073213078482425
55.36439896,25.25279999,12.2388889,41.8002778,35.8233,41.349350188475746
-115.1520004,36.08010101,116.5849991,40.08010101,36.0199,47.04307244213866
11.78610039,48.35380173,100.7470016,13.68109989,36.0836,46.30344144091738
2.078459978,41.29710007,126.4509964,37.46910095,36.1402,47.740883828040865
12.2388889,41.8002778,121.019997,14.5086,36.2002,48.05891307955523
-0.461941,51.4706,-74.16870117,40.69250107,36.3669,43.48774508332419
-80.29060364,25.79319954,72.86789703,19.08869934,36.3909,55.081457191953234
-99.072098,19.4363,113.810997,22.63929939,36.4057,51.69687806261047
-84.42810059,33.63669968,113.2990036,23.39240074,36.4923,52.48423301464213
-118.4079971,33.94250107,4.76388979,52.30860138,36.5765,45.595150334771915
28.81459999,40.97689819,113.2990036,23.39240074,36.9694,46.170247987929784
-93.22180176,44.88199997,-0.461941,51.4706,37.2177,48.93153658331088
-87.90480042,41.97859955,139.779999,35.552299,37.8151,53.130422541187606
-112.012001,33.43429947,-115.1520004,36.08010101,37.8293,38.286284308060004
101.7099991,2.745579958,-97.03800201,32.89680099,38.4372,67.46448628615535
113.810997,22.63929939,11.78610039,48.35380173,38.5556,47.5668587411152
-81.30899811,28.42939949,-0.461941,51.4706,38.6173,48.92057109902209
103.9469986,30.57850075,151.177002,-33.94609833,38.6539,49.45734141084627
-122.3089981,47.44900131,-73.77890015,40.63980103,38.8266,43.37215662946775
140.3860016,35.76470184,-112.012001,33.43429947,38.9153,48.722880231563835
103.994003,1.35019,126.4509964,37.46910095,39.8289,44.465325196859304
-3.56264,40.471926,121.233002,25.0777,39.8378,53.90454250864262
126.4509964,37.46910095,121.3359985,31.19790077,39.8526,40.70662474155191
-115.1520004,36.08010101,103.9469986,30.57850075,40.0199,59.80355852755885
-73.77890015,40.63980103,113.2990036,23.39240074,40.1582,56.070150775708946
12.2388889,41.8002778,121.019997,14.5086,40.2002,56.61564692429772
-0.461941,51.4706,-115.1520004,36.08010101,40.3669,49.85233019758117
-84.42810059,33.63669968,12.2388889,41.8002778,40.4923,49.44574140814193
-118.4079971,33.94250107,-87.90480042,41.97859955,40.5765,44.83483002084546
-95.34140015,29.9843998,113.2990036,23.39240074,41.4323,58.708809803141165
-0.190277994,51.14810181,-97.03800201,32.89680099,41.5907,51.373303621338756
-112.012001,33.43429947,55.36439896,25.25279999,42.1367,59.68406075389605
113.2990036,23.39240074,113.810997,22.63929939,42.1791,42.28010072641256
101.7099991,2.745579958,-74.16870117,40.69250107,42.4372,60.75379851124403
113.810997,22.63929939,11.78610039,48.35380173,42.5556,54.16312579443392
-81.30899811,28.42939949,55.36439896,25.25279999,42.6173,57.64662175695571
140.3860016,35.76470184,116.5849991,40.08010101,42.9153,45.724649068019836
116.5849991,40.08010101,-122.3089981,47.44900131,43.0163,56.225925168351786
28.81459999,40.97689819,4.76388979,52.30860138,43.0867,45.353333484924974
51.608056,25.273056,113.810997,22.63929939,43.2359,50.79909096796259
121.3359985,31.19790077,-99.072098,19.4363,43.3604,58.96743512471037
113.9150009,22.30890083,2.078459978,41.29710007,43.4748,53.54298303213035
55.36439896,25.25279999,139.779999,35.552299,43.8867,52.56748812766234
-115.1520004,36.08010101,113.810997,22.63929939,44.0199,59.623587597164615
151.177002,-33.94609833,121.233002,25.0777,44.0636,51.8802023732314
100.7470016,13.68109989,-122.3089981,47.44900131,44.2992,64.04778256920355
-84.42810059,33.63669968,-122.3089981,47.44900131,44.4923,48.15841767425215
2.549999952,49.01279831,126.4509964,37.46910095,44.6105,60.78110980598
12.2388889,41.8002778,139.779999,35.552299,44.7868,58.04743320271883
121.8050003,31.14340019,106.6559982,-6.12556982,44.8893,51.50500112754818
-0.190277994,51.14810181,121.3359985,31.19790077,45.5907,59.86719914361403
4.76388979,52.30860138,-93.22180176,44.88199997,45.6792,54.140678936143985
121.019997,14.5086,-84.42810059,33.63669968,45.9471,69.8308709686608
102.9291667,25.1019444,103.9469986,30.57850075,46.2633,47.2412601173773
101.7099991,2.745579958,103.9469986,30.57850075,46.4372,51.12550957162498
-80.94309998,35.2140007,113.2990036,23.39240074,46.5213,64.21993560699576
-87.90480042,41.97859955,2.078459978,41.29710007,46.5736,54.63423130034814
-122.3089981,47.44900131,55.36439896,25.25279999,46.6384,60.88819380832848
103.9469986,30.57850075,51.608056,25.273056,46.658,51.809230717160524
28.81459999,40.97689819,101.7099991,2.745579958,47.0867,60.27756950410361
140.3860016,35.76470184,121.8050003,31.14340019,47.1952,49.37943162637544
121.3359985,31.19790077,102.9291667,25.1019444,47.3604,50.77877045520609
103.994003,1.35019,-0.190277994,51.14810181,47.4124,61.736276356450595
-115.1520004,36.08010101,-97.03800201,32.89680099,48.0199,49.90501499900839
151.177002,-33.94609833,-99.072098,19.4363,48.0636,69.03603911384866
100.7470016,13.68109989,-122.3089981,47.44900131,48.2992,61.244545161454155
-84.42810059,33.63669968,-122.375,37.61899948,48.4923,52.57134137239917
2.549999952,49.01279831,103.9469986,30.57850075,48.6105,61.24343249576715
12.2388889,41.8002778,-80.29060364,25.79319954,49.3493,59.94569468007187
-95.34140015,29.9843998,103.994003,1.35019,49.5687,75.70819291004753
-0.190277994,51.14810181,51.608056,25.273056,49.5907,56.78323438505953
-93.22180176,44.88199997,-104.6729965,39.86169815,50.0994,52.17601582957782
102.9291667,25.1019444,12.2388889,41.8002778,50.2633,60.48003805650718
116.5849991,40.08010101,-122.3089981,47.44900131,50.2737,65.88291535181138
113.810997,22.63929939,-0.190277994,51.14810181,50.2801,60.09332959596251
101.7099991,2.745579958,-0.461941,51.4706,50.4372,63.912392544854896
-3.56264,40.471926,140.3860016,35.76470184,50.7301,64.77372599920096
121.3359985,31.19790077,77.10310364,28.56649971,51.3604,55.67568470690337
-73.77890015,40.63980103,140.3860016,35.76470184,51.3721,64.03869415777602
-74.16870117,40.69250107,121.3359985,31.19790077,51.4877,66.67730524166069
-104.6729965,39.86169815,-81.30899811,28.42939949,51.9944,55.21490041347918
151.177002,-33.94609833,-115.1520004,36.08010101,52.0636,70.37561307875684
100.7470016,13.68109989,-122.3089981,47.44900131,52.2992,71.11770803690196
126.4509964,37.46910095,-97.03800201,32.89680099,52.4654,63.47358991031608
-0.461941,51.4706,-80.94309998,35.2140007,52.7826,59.37605322976035
-87.90480042,41.97859955,51.608056,25.273056,52.8348,70.247473803589
4.76388979,52.30860138,-122.375,37.61899948,53.3534,62.36375708644708
121.233002,25.0777,-122.3089981,47.44900131,53.4896,70.13866032814128
12.2388889,41.8002778,121.3359985,31.19790077,53.9613,65.2237569095139
2.078459978,41.29710007,-80.94309998,35.2140007,54.0527,64.49565492247135
-112.012001,33.43429947,55.36439896,25.25279999,54.0732,69.74637081421936
-0.190277994,51.14810181,4.76388979,52.30860138,54.1224,54.84886256599127
113.2990036,23.39240074,4.76388979,52.30860138,54.1702,64.83450164250213
102.9291667,25.1019444,-95.34140015,29.9843998,54.2633,74.91191215679366
116.5849991,40.08010101,28.81459999,40.97689819,54.2737,63.5780331088354
11.78610039,48.35380173,-74.16870117,40.69250107,54.4327,66.98607490917614
-3.56264,40.471926,-104.6729965,39.86169815,54.7301,63.597367947656025
103.9469986,30.57850075,-122.375,37.61899948,55.2413,72.72702316468205
-97.03800201,32.89680099,-115.1520004,36.08010101,55.3134,57.34543643178482
-122.375,37.61899948,-0.461941,51.4706,55.4367,67.55425803417171
121.019997,14.5086,28.81459999,40.97689819,56.0589,66.45360544457695
-122.3089981,47.44900131,100.7470016,13.68109989,56.1584,68.69751048065538
100.7470016,13.68109989,-80.94309998,35.2140007,56.2992,83.2891614085758
126.4509964,37.46910095,-81.30899811,28.42939949,56.4654,79.84923480911564
-0.461941,51.4706,-122.3089981,47.44900131,56.9206,68.31366606807426
4.76388979,52.30860138,121.3359985,31.19790077,57.3534,66.29625460433573
121.8050003,31.14340019,106.6559982,-6.12556982,57.3794,62.78785639624377
151.177002,-33.94609833,-112.012001,33.43429947,57.4573,73.01840508402915
-115.1520004,36.08010101,121.019997,14.5086,57.8523,71.26295203898951
12.2388889,41.8002778,140.3860016,35.76470184,57.9613,68.93093069377153
-112.012001,33.43429947,28.81459999,40.97689819,58.0732,69.5341299071283
116.5849991,40.08010101,-118.4079971,33.94250107,58.2737,69.30298135608112
11.78610039,48.35380173,113.810997,22.63929939,58.4327,67.4439587411152
102.9291667,25.1019444,-118.4079971,33.94250107,58.7787,80.32504161985169
113.810997,22.63929939,-0.461941,51.4706,58.7991,70.37213210211928
103.9469986,30.57850075,12.2388889,41.8002778,59.2413,72.59531584747535
-97.03800201,32.89680099,28.81459999,40.97689819,59.3134,70.55192157712203
-95.34140015,29.9843998,101.7099991,2.745579958,59.7911,87.24143182246735
51.608056,25.273056,140.3860016,35.76470184,59.8092,68.13979502828629
-99.072098,19.4363,-118.4079971,33.94250107,59.8751,63.907166543595984
121.233002,25.0777,113.9150009,22.30890083,59.8802,60.74502255739042
-104.6729965,39.86169815,102.9291667,25.1019444,60.1761,83.4552518921046
100.7470016,13.68109989,151.177002,-33.94609833,60.2992,69.02658292421455
126.4509964,37.46910095,113.2990036,23.39240074,60.4654,62.89028787653361
113.2990036,23.39240074,102.9291667,25.1019444,60.4842,61.75871878678982
139.779999,35.552299,100.7470016,13.68109989,60.5675,65.58847451982632
-122.375,37.61899948,121.3359985,31.19790077,60.5713,72.33429408729766
-0.461941,51.4706,-93.22180176,44.88199997,60.9206,72.63443658331089
106.6559982,-6.12556982,4.76388979,52.30860138,60.9486,72.97515631300473
2.078459978,41.29710007,121.019997,14.5086,61.543,72.75727662147229
-93.22180176,44.88199997,-74.16870117,40.69250107,62.1407,64.18962094392059
116.5849991,40.08010101,140.3860016,35.76470184,62.2737,65.1434651770095
11.78610039,48.35380173,113.2990036,23.39240074,62.4327,73.91426619526882
102.9291667,25.1019444,121.019997,14.5086,62.7787,65.81440235932901
113.810997,22.63929939,106.6559982,-6.12556982,62.7991,66.36156332732683
4.76388979,52.30860138,103.9469986,30.57850075,62.8489,78.66897527444563
-79.63059998,43.67720032,106.6559982,-6.12556982,62.9688,90.29367773204277
72.86789703,19.08869934,106.6559982,-6.12556982,63.0814,69.1739551124537
-81.30899811,28.42939949,103.994003,1.35019,63.2149,84.78872371065836
103.9469986,30.57850075,-104.6729965,39.86169815,63.2413,80.82958246280562
-97.03800201,32.89680099,55.36439896,25.25279999,63.3134,79.81246394929943
77.10310364,28.56649971,8.5705556,50.0333333,63.6757,69.89554385238173
121.233002,25.0777,8.5705556,50.0333333,63.8802,76.12147626819998
-122.3089981,47.44900131,77.10310364,28.56649971,64.2259,81.48805713941813
113.2990036,23.39240074,-118.4079971,33.94250107,64.4842,78.86266222512472
139.779999,35.552299,113.810997,22.63929939,64.5675,68.93888365880251
121.019997,14.5086,-80.94309998,35.2140007,64.6157,86.69464942776688
51.608056,25.273056,-74.16870117,40.69250107,64.7833,79.6651778084653
-115.1520004,36.08010101,-99.072098,19.4363,65.3455,68.25599509758536
2.078459978,41.29710007,113.9150009,22.30890083,65.543,84.20369545287241
-74.16870117,40.69250107,-99.072098,19.4363,65.5987,70.49262355728203
55.36439896,25.25279999,-93.22180176,44.88199997,66.6466,80.62692958087948
-99.072098,19.4363,11.78610039,48.35380173,66.9674,78.85675534130554
-80.94309998,35.2140007,55.36439896,25.25279999,67.3761,79.58813255900276
113.810997,22.63929939,126.4509964,37.46910095,67.6236,70.3498072527762
103.9469986,30.57850075,-97.03800201,32.89680099,67.8035,89.41179449631954
121.3359985,31.19790077,-122.3089981,47.44900131,67.8672,82.12401627905341
-80.29060364,25.79319954,-3.56264,40.471926,67.9457,76.98757044843116
101.7099991,2.745579958,100.7470016,13.68109989,68.2776,70.19966397766774
12.2388889,41.8002778,139.779999,35.552299,68.48,80.75348929184646
113.2990036,23.39240074,140.3860016,35.76470184,68.4842,72.29804216927026
139.779999,35.552299,140.3860016,35.76470184,68.5675,68.64742518628258
113.9150009,22.30890083,-93.22180176,44.88199997,68.7451,81.67638829385457
126.4509964,37.46910095,151.177002,-33.94609833,68.7811,83.89405630072329
106.6559982,-6.12556982,77.10310364,28.56649971,68.9486,76.37410338942466
-122.3089981,47.44900131,139.779999,35.552299,69.2445,77.57204735395848
2.078459978,41.29710007,72.86789703,19.08869934,69.543,77.54006095795582
-74.16870117,40.69250107,8.5705556,50.0333333,69.5987,77.0995849688052
102.9291667,25.1019444,113.2990036,23.39240074,69.7587,71.03321878678982
-0.190277994,51.14810181,2.549999952,49.01279831,70.0933,70.40774267266852
-122.375,37.61899948,121.3359985,31.19790077,70.3637,80.52210104769705
-97.03800201,32.89680099,-81.30899811,28.42939949,71.4736,73.05911062213075
28.81459999,40.97689819,-97.03800201,32.89680099,71.578,84.87198802346408
55.36439896,25.25279999,-122.375,37.61899948,71.6466,88.75493748667833
103.9469986,30.57850075,116.5849991,40.08010101,71.8035,74.1863312194957
-118.4079971,33.94250107,-104.6729965,39.86169815,71.9072,74.14118800833032
-0.461941,51.4706,102.9291667,25.1019444,71.9124,82.9877144433492
140.3860016,35.76470184,55.36439896,25.25279999,72.0387,81.37062215658226
113.2990036,23.39240074,121.019997,14.5086,72.4842,74.02946227163822
-80.94309998,35.2140007,77.10310364,28.56649971,72.4956,91.23863528213437
4.76388979,52.30860138,113.2990036,23.39240074,72.8345,83.49880164250213
121.3359985,31.19790077,121.233002,25.0777,73.2238,74.06298289801056
-122.3089981,47.44900131,28.81459999,40.97689819,73.2445,89.3525783814354
100.7470016,13.68109989,126.4509964,37.46910095,73.5885,77.60217682966827
-104.6729965,39.86169815,113.9150009,22.30890083,73.5974,86.85760537714611
-74.16870117,40.69250107,2.549999952,49.01279831,73.5987,81.01172069526164
121.019997,14.5086,140.3860016,35.76470184,73.8144,77.97626155542285
-0.190277994,51.14810181,55.36439896,25.25279999,75.0933,82.30391888599146
113.810997,22.63929939,12.2388889,41.8002778,75.444,84.72187657784633
-97.03800201,32.89680099,77.10310364,28.56649971,75.4736,99.96548855799583
28.81459999,40.97689819,121.019997,14.5086,75.578,85.97270544457695
-0.461941,51.4706,-87.90480042,41.97859955,75.9124,84.83426427358495
140.3860016,35.76470184,151.177002,-33.94609833,76.0387,86.2496194640905
-99.072098,19.4363,28.81459999,40.97689819,76.256,89.9414371763799
113.2990036,23.39240074,140.3860016,35.76470184,76.4842,80.39427457460377
55.36439896,25.25279999,100.7470016,13.68109989,76.6466,82.50499448209337
106.6559982,-6.12556982,55.36439896,25.25279999,76.9486,84.48228029241008
151.177002,-33.94609833,121.019997,14.5086,77.0266,84.30013254406373
121.3359985,31.19790077,-122.375,37.61899948,77.2238,87.1980608474367
-122.3089981,47.44900131,140.3860016,35.76470184,77.2445,91.01352374609347
-118.4079971,33.94250107,113.9150009,22.30890083,77.3029,90.12038514706828
100.7470016,13.68109989,-74.16870117,40.69250107,77.5885,92.17600674698251
-74.16870117,40.69250107,2.549999952,49.01279831,77.5987,88.90427210281217
-84.42810059,33.63669968,121.3359985,31.19790077,77.8308,98.81077241709511
8.5705556,50.0333333,103.994003,1.35019,77.8955,88.34139549693535
51.608056,25.273056,113.9150009,22.30890083,78.2475,87.80743287304492
126.4509964,37.46910095,-74.16870117,40.69250107,78.3498,93.11432883431141
-115.1520004,36.08010101,-122.375,37.61899948,78.3756,79.35477456772745
121.019997,14.5086,-0.190277994,51.14810181,79.263,91.4333638472489
113.810997,22.63929939,103.9469986,30.57850075,79.444,81.43826415569215
28.81459999,40.97689819,-118.4079971,33.94250107,79.578,91.26624617490617
-0.461941,51.4706,113.2990036,23.39240074,79.9124,91.36641521245481
140.3860016,35.76470184,28.81459999,40.97689819,80.0387,92.13017636168188
-99.072098,19.4363,139.779999,35.552299,80.256,98.53019298329349
2.549999952,49.01279831,103.9469986,30.57850075,80.4078,88.84267210606947
113.2990036,23.39240074,-74.16870117,40.69250107,80.4842,95.81452262887981
12.2388889,41.8002778,-115.1520004,36.08010101,80.5953,97.15609478083641
-93.22180176,44.88199997,28.81459999,40.97689819,80.6344,96.74484644661842
-122.375,37.61899948,106.6559982,-6.12556982,80.727,102.85148776227753
4.76388979,52.30860138,103.994003,1.35019,80.9751,92.11218437031238
-112.012001,33.43429947,100.7470016,13.68109989,81.0184,98.03086112506614
121.3359985,31.19790077,-80.29060364,25.79319954,81.2238,98.21929181586431
-122.3089981,47.44900131,8.5705556,50.0333333,81.2445,93.37028023548048
100.7470016,13.68109989,51.608056,25.273056,81.5885,89.90300130228339
55.36439896,25.25279999,-104.6729965,39.86169815,81.6466,96.29929022409927
121.233002,25.0777,-112.012001,33.43429947,82.063,96.13465920938096
116.5849991,40.08010101,-99.072098,19.4363,82.1864,101.22997132334233
-95.34140015,29.9843998,-74.16870117,40.69250107,82.9119,86.33201673396256
-81.30899811,28.42939949,106.6559982,-6.12556982,83.0591,100.49016698748893
121.019997,14.5086,-84.42810059,33.63669968,83.263,97.29680736596987
28.81459999,40.97689819,113.2990036,23.39240074,83.578,92.34899747013996
140.3860016,35.76470184,100.7470016,13.68109989,84.0387,88.70614235601849
8.5705556,50.0333333,-81.30899811,28.42939949,84.1215,94.08163571156629
-104.6729965,39.86169815,102.9291667,25.1019444,84.1412,103.8909320891081
-99.072098,19.4363,-93.22180176,44.88199997,84.256,88.47337480819654
77.10310364,28.56649971,100.7470016,13.68109989,84.3741,88.76148701946788
113.2990036,23.39240074,113.810997,22.63929939,84.4842,84.6118210729089
106.6559982,-6.12556982,-0.461941,51.4706,84.9486,99.20754137501956
-3.56264,40.471926,121.019997,14.5086,84.9876,99.81252094711797
121.3359985,31.19790077,4.76388979,52.30860138,85.2238,95.77042069133655
-122.3089981,47.44900131,-80.29060364,25.79319954,85.2445,92.7176250905288
72.86789703,19.08869934,-79.63059998,43.67720032,85.54,99.73664464152156
139.779999,35.552299,121.233002,25.0777,85.5721,87.86312019031912
126.4509964,37.46910095,-115.1520004,36.08010101,85.6021,96.17977378822431
103.994003,1.35019,113.2990036,23.39240074,85.7081,90.0424590824326
103.9469986,30.57850075,-73.77890015,40.63980103,86.669,110.7565083274558
-118.4079971,33.94250107,102.9291667,25.1019444,86.8627,101.87580684650558
121.019997,14.5086,100.7470016,13.68109989,87.263,89.9081162151398
-122.375,37.61899948,121.233002,25.0777,87.3548,102.65772874695544
-74.16870117,40.69250107,102.9291667,25.1019444,87.6651,105.17174532205996
140.3860016,35.76470184,-80.29060364,25.79319954,88.0387,104.05287828301117
8.5705556,50.0333333,-112.012001,33.43429947,88.1215,99.05232360249641
55.36439896,25.25279999,-122.375,37.61899948,88.5881,101.98259056312983
-93.22180176,44.88199997,140.3860016,35.76470184,88.6269,100.14973368575917
-81.30899811,28.42939949,-0.461941,51.4706,88.8492,102.26926023687655
11.78610039,48.35380173,8.5705556,50.0333333,88.8568,89.21798831854635
106.6559982,-6.12556982,-80.94309998,35.2140007,88.9486,107.00866864056614
-122.3089981,47.44900131,-112.012001,33.43429947,89.2445,92.04157659515448
77.10310364,28.56649971,-122.375,37.61899948,89.4881,108.33173906183872
139.779999,35.552299,-122.3089981,47.44900131,89.5721,99.13948070690516
2.549999952,49.01279831,55.36439896,25.25279999,90.0117,96.64254721825033
121.3359985,31.19790077,-97.03800201,32.89680099,90.2238,102.35356199611682
100.7470016,13.68109989,-97.03800201,32.89680099,90.505,107.83031318691789
103.9469986,30.57850075,8.5705556,50.0333333,90.669,102.48443285316587
-104.6729965,39.86169815,151.177002,-33.94609833,90.8295,111.13622182966517
-118.4079971,33.94250107,51.608056,25.273056,90.8627,114.56794438066302
102.9291667,25.1019444,-81.30899811,28.42939949,90.9877,108.8336497297034
-80.94309998,35.2140007,-3.56264,40.471926,91.2891,103.50593700176593
113.2990036,23.39240074,-74.16870117,40.69250107,91.4988,106.48924383080663
140.3860016,35.76470184,-122.375,37.61899948,92.0387,101.14960995023347
113.9150009,22.30890083,103.994003,1.35019,92.2037,96.96335180873848
121.019997,14.5086,4.76388979,52.30860138,92.3001,104.39366412905643
55.36439896,25.25279999,113.9150009,22.30890083,92.5881,100.14799692640885
113.810997,22.63929939,-73.77890015,40.63980103,92.6118,109.32298756567339
-93.22180176,44.88199997,113.810997,22.63929939,92.6269,105.52501004291926
-87.90480042,41.97859955,106.6559982,-6.12556982,92.8343,115.02307246858508
-97.03800201,32.89680099,51.608056,25.273056,92.872,109.64046412507356
151.177002,-33.94609833,100.7470016,13.68109989,92.8941,106.50692010461725
106.6559982,-6.12556982,113.810997,22.63929939,92.9486,97.26843742053805
-122.3089981,47.44900131,72.86789703,19.08869934,93.2445,112.53524733101499
-74.16870117,40.69250107,102.9291667,25.1019444,94.332,113.62123686701136
12.2388889,41.8002778,2.078459978,41.29710007,94.7218,95.57118524905428
102.9291667,25.1019444,-115.1520004,36.08010101,94.9877,118.03751953268775
-122.375,37.61899948,-95.34140015,29.9843998,95.198,97.84357913736225
-80.94309998,35.2140007,139.779999,35.552299,95.2891,112.74662937740752
121.233002,25.0777,116.5849991,40.08010101,95.8631,97.72412496924889
140.3860016,35.76470184,151.177002,-33.94609833,96.0387,106.183486566007
113.9150009,22.30890083,103.9469986,30.57850075,96.2037,97.69387820459387
121.019997,14.5086,139.779999,35.552299,96.3001,99.70819017576069
55.36439896,25.25279999,-95.34140015,29.9843998,96.5881,111.93802175452065
-93.22180176,44.88199997,-95.34140015,29.9843998,96.6269,99.06735602097129
100.7470016,13.68109989,4.76388979,52.30860138,96.7062,105.95028537967323
103.9469986,30.57850075,-118.4079971,33.94250107,96.8426,108.67875440085977
2.549999952,49.01279831,126.4509964,37.46910095,96.9042,114.13620118320648
8.5705556,50.0333333,151.177002,-33.94609833,97.218,117.14033248752139
101.7099991,2.745579958,-80.29060364,25.79319954,97.2414,126.21490583746639
28.81459999,40.97689819,103.9469986,30.57850075,97.3526,108.33883624727011
-97.03800201,32.89680099,-118.4079971,33.94250107,97.4118,100.80748332539007
151.177002,-33.94609833,28.81459999,40.97689819,97.8941,117.39811871801149
51.608056,25.273056,121.3359985,31.19790077,97.903,108.53430963785478
113.2990036,23.39240074,-84.42810059,33.63669968,98.0425,119.97578947016385
106.6559982,-6.12556982,100.7470016,13.68109989,98.2937,102.26750265271087
-122.375,37.61899948,121.233002,25.0777,99.198,112.85199292928087
77.10310364,28.56649971,4.76388979,52.30860138,99.2386,108.73583606315015
-118.4079971,33.94250107,-122.3089981,47.44900131,99.2662,100.894204001146
-0.190277994,51.14810181,-122.375,37.61899948,99.4333,109.21251911586707
